5.085336700336697504e+02 8.874023569023568143e+02 1.000000000000000000e+00
6.926125541125538803e+02 8.863321308321308152e+02 1.000000000000000000e+00
7.033148148148145538e+02 1.143186387686387661e+03 1.000000000000000000e+00
6.690675805675803076e+02 6.027222222222221717e+02 1.000000000000000000e+00
5.331488696488695496e+02 1.132484126984126760e+03 1.000000000000000000e+00
9.601690716690713998e+02 1.011548581048581013e+03 1.000000000000000000e+00
1.019031505531505445e+03 7.664668109668109537e+02 1.000000000000000000e+00
8.809723424723422340e+02 1.115360509860509865e+03 1.000000000000000000e+00
5.074634439634437513e+02 6.155649350649349572e+02 1.000000000000000000e+00
5.053229918229917530e+02 4.860675805675805350e+02 1.000000000000000000e+00
5.459915824915822213e+02 4.314860509860509410e+02 1.000000000000000000e+00
4.239858104858103616e+02 1.023321067821067800e+03 1.000000000000000000e+00
7.718092833092830460e+02 5.203148148148147811e+02 1.000000000000000000e+00
1.039882154882152463e+02 8.531551226551225682e+02 1.000000000000000000e+00
2.688030303030300274e+02 2.024576719576718915e+02 1.000000000000000000e+00
