6.542449194324194650e+02 5.589350649350649292e+02 1.000000000000000000e+00
7.324571007696008564e+02 5.531653138528138243e+02 1.000000000000000000e+00
7.279695165945165627e+02 6.615084175084175513e+02 1.000000000000000000e+00
7.286106000480999683e+02 4.050750360750361097e+02 1.000000000000000000e+00
6.632200877825878251e+02 6.589440836940837016e+02 1.000000000000000000e+00
8.472110389610390939e+02 6.480456649831650111e+02 1.000000000000000000e+00
8.818295454545454959e+02 5.659869829244828452e+02 1.000000000000000000e+00
8.151568662818663142e+02 6.903571729196728484e+02 1.000000000000000000e+00
6.523216690716691346e+02 4.211021224146223858e+02 1.000000000000000000e+00
6.516805856180856154e+02 3.454542748917748440e+02 1.000000000000000000e+00
6.786060906685906957e+02 3.140411856661855836e+02 1.000000000000000000e+00
6.177031625781626190e+02 6.236844937469936667e+02 1.000000000000000000e+00
7.927189454064455276e+02 3.999463684463684103e+02 1.000000000000000000e+00
5.612878186628187223e+02 6.294542448292447716e+02 1.000000000000000000e+00
6.087279942279942588e+02 3.275039381914381238e+02 1.000000000000000000e+00
